958 691
959 264
960 718
961 441
962 442
963 391
964 412
965 430
966 443
967 577
968 582
969 589
970 576
971 714
972 722
973 729
974 737
975 744
976 403
977 274
978 291
979 310
980 427
981 568
982 584
983 687
984 706
985 723
986 254
987 268
988 306
989 416
990 690
991 719
992 728
993 742
994 294
995 311
996 408
997 419
998 444
999 574
1000 715
1001 726
1002 740
1003 445
1004 575
1005 439
1006 591
1007 259
1008 704
1009 691
1010 744
916 704
905 744
906 259
901 591
856 439
613 81
614 87
615 92
616 102
617 116
618 122
619 128
620 130
621 147
622 153
623 159
624 161
625 168
626 174
627 181
628 187
629 192
630 201
631 209
632 214
633 219
634 225
635 229
636 235
637 73
638 103
639 169
640 74
641 132
642 194
643 84
644 118
645 157
646 44
647 134
648 170
649 99
650 127
651 173
652 184
653 198
654 108
655 120
656 135
657 155
658 175
659 186
660 224
661 234
662 94
663 176
664 61
665 110
666 23
667 56
668 114
669 129
670 158
671 90
672 107
673 123
674 152
675 167
676 180
677 200
678 213
679 228
680 31
681 216
682 32
683 48
684 25
685 231
686 212
687 217
688 207
689 38
690 227
691 207
692 69
693 156
694 212
695 48
696 179
697 203
698 238
699 202
700 210
701 25
702 207
703 231
704 227
705 212
706 217
707 64
708 113
709 207
710 48
711 96
712 38
713 207
714 212
715 231
716 25
717 69
718 156
719 227
720 165
721 207
722 212
723 217
724 207
725 48
726 231
727 25
728 227
729 212
730 64
731 113
732 207
733 38
734 69
735 156
736 207
737 212
738 217
739 48
740 231
741 25
742 227
743 207
744 212
745 207
746 744
747 691
748 439
749 591
750 259
751 704
752 264
753 718
754 441
755 442
756 391
757 412
758 430
759 443
760 577
761 582
762 589
763 576
764 714
765 722
766 729
767 737
768 744
769 403
770 274
771 291
772 310
773 427
774 568
775 584
776 687
777 706
778 723
779 254
780 268
781 306
782 416
783 690
784 719
785 728
786 742
787 294
788 311
789 408
790 419
791 444
792 574
793 715
794 726
795 740
796 445
797 575
798 691
599 144
600 190
601 145
602 218
603 232
604 240
605 239
606 241
607 242
608 243
609 244
610 24
611 33
496 202
497 210
463 179
464 203
465 238
295 179
296 203
297 238
298 202
299 210
300 25
301 48
302 212
303 69
304 156
305 207
306 227
307 38
308 207
309 212
310 217
311 231
312 25
313 33
314 81
315 87
316 92
317 102
318 116
319 122
320 128
321 130
322 147
323 153
324 159
325 161
326 168
327 174
328 181
329 187
330 192
331 201
332 209
333 214
334 219
335 225
336 229
337 235
338 73
339 103
340 169
341 74
342 132
343 194
344 84
345 118
346 157
347 44
348 134
349 170
350 99
351 127
352 173
353 184
354 198
355 108
356 120
357 135
358 155
359 175
360 186
361 224
362 234
363 94
364 176
365 61
366 110
367 23
368 56
369 114
370 129
371 158
372 90
373 107
374 123
375 152
376 167
377 180
378 200
379 213
380 228
381 31
382 216
383 32
384 48
385 64
386 113
387 119
388 143
389 165
390 183
391 207
392 144
393 190
394 145
395 218
396 232
397 240
398 239
399 241
400 242
401 243
402 244